wavelength,lu,lu_std,ld,ld_std,ed,ed_std,lw,lw_std,rhow,rhow_std,rhow_nosc,rhow_nosc_std,cycle_id,platform_id,azimuth,timestamp,solar_zenith_angle
355.0,5.100291418296011,0.06676263350438254,70.9652922642574,0.22036219800462792,420.7698470329724,2.022223039871285,3.2079948035403616,0.06676263350438254,0.024536985212572707,0.0004478109246357204,0.023951842031035276,0.0004984696513560776,RTBE-P-JAGUAR_045913_20250613_132104,OOSTENDE_RT1,270,2025-06-13T13:24:06,33.49
357.5,5.146886633206071,0.06745714682099374,70.02298038954422,0.22363147061743066,427.1443487002903,2.1319270009735125,3.2797168588208354,0.06745714682099374,0.02470704581440054,0.0004383977268163428,0.02412190263286311,0.0004961387819593023,RTBE-P-JAGUAR_045913_20250613_132104,OOSTENDE_RT1,270,2025-06-13T13:24:06,33.49
360.0,5.301765880305216,0.06941758095541971,70.4075310424745,0.22810643897794933,443.264345965401,2.312539202128743,3.4243420243045293,0.06941758095541971,0.024854832013613312,0.0004345721001774318,0.024269688832075878,0.0004919903085923893,RTBE-P-JAGUAR_045913_20250613_132104,OOSTENDE_RT1,270,2025-06-13T13:24:06,33.49
362.5,5.721558146790752,0.0732201832895141,74.18581347172255,0.24439321339129041,476.071399679214,2.480184597931304,3.7433860119859217,0.07322018328951409,0.025287727715559035,0.0004293958668248337,0.0247025845340216,0.00048317960304238575,RTBE-P-JAGUAR_045913_20250613_132104,OOSTENDE_RT1,270,2025-06-13T13:24:06,33.49
365.0,6.137660609456722,0.07877894359841871,77.82783706299838,0.26163983588032735,509.3590809231714,2.6429887372244147,4.0623735513881645,0.07877894359841871,0.025640793278219477,0.0004309382133396052,0.025055650096682036,0.0004858877749225543,RTBE-P-JAGUAR_045913_20250613_132104,OOSTENDE_RT1,270,2025-06-13T13:24:06,33.49
367.5,6.460571131050369,0.08363446765415548,80.15774666914835,0.2757377850082461,535.6637182237592,2.7950474864939214,4.323156800342861,0.08363446765415547,0.025939852082319356,0.00043305163707701907,0.02535470890078191,0.0004905044344620578,RTBE-P-JAGUAR_045913_20250613_132104,OOSTENDE_RT1,270,2025-06-13T13:24:06,33.49
370.0,6.5650626216784875,0.08270866334622999,79.52624971409797,0.28061396441963976,539.32273021119,2.9339966971891864,4.444487220427093,0.08270866334623,0.026474592334180945,0.00042659070355121725,0.025889449152643507,0.00048178375321766896,RTBE-P-JAGUAR_045913_20250613_132104,OOSTENDE_RT1,270,2025-06-13T13:24:06,33.49
372.5,6.591110072829267,0.08162571758070049,77.74017569829051,0.2752308210810266,539.5372838746163,2.8956196054287546,4.51816051381678,0.08162571758070049,0.02689327850818688,0.0004218110181060461,0.02630813532664944,0.00047528643962094967,RTBE-P-JAGUAR_045913_20250613_132104,OOSTENDE_RT1,270,2025-06-13T13:24:06,33.49
375.0,6.673421477182859,0.08146405224622537,76.57942103817136,0.2735766109845149,542.9690540223583,2.878163493096234,4.631423557257915,0.08146405224622544,0.027382335609644093,0.00041919055229273114,0.026797192428106655,0.0004713470614438717,RTBE-P-JAGUAR_045913_20250613_132104,OOSTENDE_RT1,270,2025-06-13T13:24:06,33.49
377.5,6.760003364883983,0.08189722714300986,75.51368446935165,0.2732485549593951,548.5081372775352,2.919117042633594,4.746423417140275,0.08189722714300984,0.02777038971612,0.00041917319400315816,0.027185246534582562,0.0004690682045646141,RTBE-P-JAGUAR_045913_20250613_132104,OOSTENDE_RT1,270,2025-06-13T13:24:06,33.49
380.0,6.7223426104248425,0.08154260622007829,73.15356069909156,0.26773642926205954,540.5992513726195,2.9563571759095155,4.7716955990274945,0.08154260622007829,0.028314970407544538,0.00042865524420024727,0.02772982722600711,0.0004738697880271206,RTBE-P-JAGUAR_045913_20250613_132104,OOSTENDE_RT1,270,2025-06-13T13:24:06,33.49
382.5,6.603660394523735,0.07879951760596465,69.8038758754824,0.25898550818993077,527.9564923118768,2.963435226741279,4.74233306391641,0.07879951760596465,0.02880428421195945,0.0004228281090482645,0.028219141030422015,0.00046889467072048135,RTBE-P-JAGUAR_045913_20250613_132104,OOSTENDE_RT1,270,2025-06-13T13:24:06,33.49
385.0,6.691081905421489,0.0801972495010477,68.6475540018928,0.2630153846904133,528.0714055635124,2.970728328066105,4.860588013205615,0.0801972495010477,0.0295016636246744,0.00043215035783942054,0.028916520443136962,0.0004771079956540022,RTBE-P-JAGUAR_045913_20250613_132104,OOSTENDE_RT1,270,2025-06-13T13:24:06,33.49
387.5,6.936554851983941,0.08387555579830126,69.2325537907969,0.2748810780053501,544.611425813057,3.000867740725565,5.090461881896961,0.08387555579830126,0.029949487911675034,0.0004406827472983803,0.0293643447301376,0.0004838363967820126,RTBE-P-JAGUAR_045913_20250613_132104,OOSTENDE_RT1,270,2025-06-13T13:24:06,33.49
390.0,7.197723870212783,0.0853384755918235,70.13836403006923,0.28202252457635096,560.1640631504446,3.1444664537344065,5.3274773795145824,0.0853384755918235,0.030463467941463682,0.0004332899837193234,0.029878324759926245,0.00047860751094955625,RTBE-P-JAGUAR_045913_20250613_132104,OOSTENDE_RT1,270,2025-06-13T13:24:06,33.49
392.5,7.509434129467828,0.08726920395208955,71.31387684209987,0.284189184925406,580.0883693280647,3.3066041299520355,5.607842472085552,0.08726920395208955,0.030955613689677055,0.00042704725421816177,0.030370470508139624,0.000472625042177775,RTBE-P-JAGUAR_045913_20250613_132104,OOSTENDE_RT1,270,2025-06-13T13:24:06,33.49
395.0,8.199596491705266,0.09485348496790987,75.84785743833059,0.308339016775016,624.0198286159908,3.600844557341853,6.177105788326437,0.09485348496790987,0.03168343409337215,0.00043143971327274386,0.031098290911834706,0.00047753452354789373,RTBE-P-JAGUAR_045913_20250613_132104,OOSTENDE_RT1,270,2025-06-13T13:24:06,33.49
397.5,9.255867924205933,0.10793046649509473,83.63465288874042,0.34832459906258223,700.028943510787,4.0664236160560785,7.025741541462381,0.10793046649509473,0.03211529378071581,0.00043785349292323666,0.03153015059917836,0.00048437077321258475,RTBE-P-JAGUAR_045913_20250613_132104,OOSTENDE_RT1,270,2025-06-13T13:24:06,33.49
400.0,10.60700805288641,0.12524087308602902,94.01342537763719,0.3877702951617763,799.042551307276,4.577972950411071,8.100130663849177,0.12524087308602902,0.03243239705435414,0.00044512700251074267,0.03184725387281671,0.0004924090790565854,RTBE-P-JAGUAR_045913_20250613_132104,OOSTENDE_RT1,270,2025-06-13T13:24:06,33.49
402.5,11.531454446501806,0.13273999783304258,100.26822366588961,0.4185812374861164,864.0734743522834,4.99110447891162,8.857792235628494,0.13273999783304258,0.032790245919282014,0.0004362434798895138,0.03220510273774458,0.00048261521086781224,RTBE-P-JAGUAR_045913_20250613_132104,OOSTENDE_RT1,270,2025-06-13T13:24:06,33.49
405.0,12.126419659219495,0.13919040394335486,103.3363250774262,0.44341081595338133,904.9667831106809,5.259858134077847,9.370946217397417,0.13919040394335486,0.033116387800888505,0.00043854401350853426,0.03253124461935107,0.0004831995589667499,RTBE-P-JAGUAR_045913_20250613_132104,OOSTENDE_RT1,270,2025-06-13T13:24:06,33.49
407.5,12.512993335119056,0.14469173126934318,104.31626177576142,0.4601894703110323,927.1950718267288,5.364465880385015,9.7313897832422,0.14469173126934318,0.033557775997650655,0.0004470875533360624,0.03297263281611323,0.0004902554961766497,RTBE-P-JAGUAR_045913_20250613_132104,OOSTENDE_RT1,270,2025-06-13T13:24:06,33.49
410.0,12.90930243925594,0.1473064799451718,105.16291497614225,0.4637886302835861,948.1197395547282,5.471818737827907,10.105122795125606,0.1473064799451718,0.034068445144745725,0.00044482015641181017,0.03348330196320829,0.0004880996944956136,RTBE-P-JAGUAR_045913_20250613_132104,OOSTENDE_RT1,270,2025-06-13T13:24:06,33.49
412.5,13.28277981782841,0.15093924746904355,105.59795761443557,0.4725134783177429,966.8433666842108,5.614643323909742,10.466999718243725,0.15093924746904355,0.03459587392971781,0.0004456464168080435,0.034010730748180375,0.0004904513464402743,RTBE-P-JAGUAR_045913_20250613_132104,OOSTENDE_RT1,270,2025-06-13T13:24:06,33.49
415.0,13.598541501184203,0.15377077464486566,105.38211948301593,0.4770637144309398,979.9588752649902,5.746930470918811,10.788516746957638,0.15377077464486566,0.03517141594345058,0.00044936821679114787,0.03458627276191313,0.000492964703065209,RTBE-P-JAGUAR_045913_20250613_132104,OOSTENDE_RT1,270,2025-06-13T13:24:06,33.49
417.5,13.851628572820651,0.1555514984995717,104.48375009783324,0.4772524995274325,985.0394351478549,5.836793485801192,11.065558928086917,0.1555514984995717,0.035876601975900105,0.0004549022736761615,0.03529145879436268,0.0004961014021411105,RTBE-P-JAGUAR_045913_20250613_132104,OOSTENDE_RT1,270,2025-06-13T13:24:06,33.49
420.0,14.036211576766227,0.15600449914418735,102.85278642863261,0.47541222821811685,982.6076789558953,5.857598205679723,11.293631741368095,0.15600449914418735,0.03669313548700267,0.00045733229753657444,0.03610799230546522,0.0004987774866151146,RTBE-P-JAGUAR_045913_20250613_132104,OOSTENDE_RT1,270,2025-06-13T13:24:06,33.49
422.5,14.125536860139006,0.1566248554427406,100.4417147076249,0.4625783912029851,972.3575513718675,5.835837647587228,11.447248493288718,0.1566248554427406,0.03757008942851646,0.00046418249614977805,0.03698494624697902,0.0005060396708332835,RTBE-P-JAGUAR_045913_20250613_132104,OOSTENDE_RT1,270,2025-06-13T13:24:06,33.49
425.0,14.133623427301252,0.15565193423958032,97.41645052466816,0.4543040949389689,956.1519872642572,5.785048104786648,11.536004032415924,0.15565193423958032,0.03848855812262237,0.0004709030987917025,0.037903414941084936,0.0005114197111310917,RTBE-P-JAGUAR_045913_20250613_132104,OOSTENDE_RT1,270,2025-06-13T13:24:06,33.49
427.5,14.163863273754886,0.15468751270394043,94.44617539338985,0.4512437494106707,935.6199208812299,5.716158413785773,11.645446562272605,0.15468751270394043,0.03968782638792929,0.00048101868936214874,0.03910268320639184,0.0005194044533116217,RTBE-P-JAGUAR_045913_20250613_132104,OOSTENDE_RT1,270,2025-06-13T13:24:06,33.49
430.0,14.458132997091793,0.15799240425495045,93.06835607494162,0.45076541475926346,941.6977789181865,5.815268427895456,11.976455975517867,0.15799240425495045,0.040539730471688976,0.0004896657212656267,0.03995458729015155,0.0005270775695154976,RTBE-P-JAGUAR_045913_20250613_132104,OOSTENDE_RT1,270,2025-06-13T13:24:06,33.49
432.5,15.194453214782904,0.16412387328244077,94.35192641699747,0.4616083349812736,968.2495878400902,5.924170684369232,12.678549661681028,0.16412387328244077,0.04172209689216341,0.0004963588631258407,0.041136953710625986,0.0005325180212397594,RTBE-P-JAGUAR_045913_20250613_132104,OOSTENDE_RT1,270,2025-06-13T13:24:06,33.49
435.0,16.112550888882723,0.1721791838740062,96.59221239735302,0.4739851540808043,1006.5508021424579,6.101761199686143,13.536909886086061,0.17217918387400621,0.04283582398166666,0.0005013893434895621,0.04225068080012922,0.0005373964811396659,RTBE-P-JAGUAR_045913_20250613_132104,OOSTENDE_RT1,270,2025-06-13T13:24:06,33.49
437.5,17.13190680196992,0.18155456029136427,99.2312919824853,0.4869547876286049,1048.2411900040318,6.410636172015714,14.485894478127754,0.18155456029136424,0.04399955973674651,0.0005077912340671638,0.04341441655520908,0.0005441214085804815,RTBE-P-JAGUAR_045913_20250613_132104,OOSTENDE_RT1,270,2025-06-13T13:24:06,33.49
440.0,18.146081788911424,0.19098778814699988,101.47745171756976,0.5015712524788124,1084.683912303063,6.616435786693938,15.440175391117252,0.19098778814699988,0.04530484541799779,0.0005179566339542123,0.04471970223646037,0.0005531619169072158,RTBE-P-JAGUAR_045913_20250613_132104,OOSTENDE_RT1,270,2025-06-13T13:24:06,33.49
442.5,19.226420720390916,0.2014826848208166,103.72749595964815,0.5162391873948945,1122.087078080093,6.88830505575739,16.460516667877304,0.2014826848208161,0.046670905372628746,0.0005302650567765336,0.046085762191091305,0.0005641064181414996,RTBE-P-JAGUAR_045913_20250613_132104,OOSTENDE_RT1,270,2025-06-13T13:24:06,33.49
445.0,20.327034986512363,0.21261944276123892,105.87264175387695,0.533410564820153,1159.032254101821,7.141943012684008,17.503930406881064,0.21261944276123892,0.048030086133378405,0.0005432622937908001,0.047444942951840964,0.0005763115539064055,RTBE-P-JAGUAR_045913_20250613_132104,OOSTENDE_RT1,270,2025-06-13T13:24:06,33.49
447.5,21.401764131361904,0.22321956901960832,107.7187168749666,0.5486389434390159,1193.5340436945137,7.259734426913219,18.52943377401923,0.22321956901960832,0.04935788940287338,0.0005546541997340288,0.04877274622133594,0.0005875533771946353,RTBE-P-JAGUAR_045913_20250613_132104,OOSTENDE_RT1,270,2025-06-13T13:24:06,33.49
450.0,22.33796703908458,0.23004751678160718,108.74278795901274,0.547886182217208,1216.801459291957,7.499919997460094,19.438329723878706,0.2300475167816072,0.05077189582903003,0.0005604160026590881,0.05018675264749259,0.000593947010154156,RTBE-P-JAGUAR_045913_20250613_132104,OOSTENDE_RT1,270,2025-06-13T13:24:06,33.49
452.5,23.100439172139087,0.23573459344361036,108.85178457014554,0.552819212201429,1232.573071392919,7.654351480697326,20.1978954513977,0.23573459344361036,0.05206570968164557,0.000568886303442618,0.05148056650010813,0.0006008423225752438,RTBE-P-JAGUAR_045913_20250613_132104,OOSTENDE_RT1,270,2025-06-13T13:24:06,33.49
455.0,23.78496326704772,0.24100050814791718,108.58193719025031,0.560648963996978,1243.3979241219567,7.7487565505251865,20.88961505367598,0.24100050814791718,0.053365238689007756,0.000577676161424617,0.05278009550747031,0.0006089164307102724,RTBE-P-JAGUAR_045913_20250613_132104,OOSTENDE_RT1,270,2025-06-13T13:24:06,33.49
457.5,24.41511884379739,0.24597152861488888,108.07006804676722,0.5692239402301781,1252.755644853696,7.837708352388301,21.53341967232354,0.24597152861488888,0.05458548500968226,0.0005857542513787184,0.05400034182814482,0.0006168340573544422,RTBE-P-JAGUAR_045913_20250613_132104,OOSTENDE_RT1,270,2025-06-13T13:24:06,33.49
460.0,25.00781497524723,0.2508395664626609,107.42905562047555,0.5737470194227386,1259.8390620907867,7.859744251722649,22.14320846422169,0.2508395664626609,0.05580246667257011,0.0005962619057463083,0.05521732349103269,0.0006255050846899024,RTBE-P-JAGUAR_045913_20250613_132104,OOSTENDE_RT1,270,2025-06-13T13:24:06,33.49
462.5,25.45899709185219,0.2541554613835983,106.24183932307945,0.5681868421363242,1261.8038735941666,7.931200472794633,22.626047822118345,0.2541554613835983,0.05691864088690297,0.0006047084360737216,0.05633349770536553,0.0006327868752519306,RTBE-P-JAGUAR_045913_20250613_132104,OOSTENDE_RT1,270,2025-06-13T13:24:06,33.49
465.0,25.86716179709905,0.25754921394345437,104.87373297171172,0.5626307464199225,1259.8679233780015,8.012003216765022,23.07069322003506,0.25754921394345437,0.05811396742444184,0.0006149612494256568,0.057528824242904404,0.0006422218579017031,RTBE-P-JAGUAR_045913_20250613_132104,OOSTENDE_RT1,270,2025-06-13T13:24:06,33.49
467.5,26.279472749893117,0.261370889527456,103.50221701006403,0.5591143154562975,1256.7183278585883,8.002957713018064,23.519575783098063,0.261370889527456,0.05938028037161396,0.0006265360382509787,0.05879513719007652,0.0006533849695666083,RTBE-P-JAGUAR_045913_20250613_132104,OOSTENDE_RT1,270,2025-06-13T13:24:06,33.49
470.0,26.793635374271172,0.26555679236655344,102.49871046597876,0.5568646595765588,1260.4409602255912,7.948556400002641,24.0604970098248,0.26555679236655366,0.06055485460241679,0.0006345516569323629,0.05996971142087936,0.0006618884139248535,RTBE-P-JAGUAR_045913_20250613_132104,OOSTENDE_RT1,270,2025-06-13T13:24:06,33.49
472.5,27.452087338373325,0.2705952208590081,101.99088521850443,0.5591637525540089,1268.3302857154702,7.98159171870379,24.732490184933383,0.2705952208590081,0.0618463228167283,0.0006442173602365313,0.06126117963519085,0.0006702512488437691,RTBE-P-JAGUAR_045913_20250613_132104,OOSTENDE_RT1,270,2025-06-13T13:24:06,33.49
475.0,28.13425862905833,0.2753744768805496,101.59179014884654,0.5582051329899467,1278.553415221136,8.087668574173083,25.425303385560316,0.2753744768805496,0.06305883053823878,0.0006513382025858709,0.062473687356701335,0.0006766353468340939,RTBE-P-JAGUAR_045913_20250613_132104,OOSTENDE_RT1,270,2025-06-13T13:24:06,33.49
477.5,28.759470136642094,0.2795688244635812,101.04078094322891,0.5539335123550843,1287.3641621385266,8.191952285645277,26.0652076087128,0.2795688244635812,0.06419283644045042,0.0006570789901993337,0.063607693258913,0.0006822400303955434,RTBE-P-JAGUAR_045913_20250613_132104,OOSTENDE_RT1,270,2025-06-13T13:24:06,33.49
480.0,29.106358367763917,0.28326850104341256,99.61982493135618,0.5544612462120652,1280.635571138804,8.15293598923705,26.449985773986814,0.28326850104341256,0.06547095681017129,0.0006713564886926254,0.06488581362863387,0.0006949004556230004,RTBE-P-JAGUAR_045913_20250613_132104,OOSTENDE_RT1,270,2025-06-13T13:24:06,33.49
482.5,29.185662915507237,0.2841095990074143,97.37360146296255,0.5416821064596335,1265.299177293784,8.044300839170027,26.589186095137197,0.2841095990074143,0.06660304092495775,0.0006823638151297312,0.06601789774342032,0.000705411530390014,RTBE-P-JAGUAR_045913_20250613_132104,OOSTENDE_RT1,270,2025-06-13T13:24:06,33.49
485.0,29.272414316736537,0.283641005627799,95.20076785933763,0.5297229958888215,1246.4257091079255,7.912544878106219,26.733876321690513,0.283641005627799,0.06796737771063022,0.000691882857670262,0.06738223452909278,0.0007149118419379107,RTBE-P-JAGUAR_045913_20250613_132104,OOSTENDE_RT1,270,2025-06-13T13:24:06,33.49
487.5,29.48881359258922,0.2832241031248111,93.49804833257825,0.5228176662652415,1236.970118644051,7.868381283962649,26.995678783996183,0.2832241031248111,0.06914737024603528,0.0006963439972445262,0.06856222706449785,0.0007193179109870694,RTBE-P-JAGUAR_045913_20250613_132104,OOSTENDE_RT1,270,2025-06-13T13:24:06,33.49
490.0,30.05657254981802,0.2878321858936859,92.97439862263654,0.5218435436769623,1243.9697392766504,7.881942077536454,27.577400913105556,0.2878321858936859,0.07023069594561912,0.0007047514327599922,0.06964555276408167,0.0007269079400565669,RTBE-P-JAGUAR_045913_20250613_132104,OOSTENDE_RT1,270,2025-06-13T13:24:06,33.49
492.5,30.658582488834654,0.2939395232055017,92.63322891843563,0.5272499422779344,1253.8565332880396,7.934405859789131,28.18850817640168,0.2939395232055017,0.07121268935734525,0.0007148524555765679,0.07062754617580783,0.0007364783946058986,RTBE-P-JAGUAR_045913_20250613_132104,OOSTENDE_RT1,270,2025-06-13T13:24:06,33.49
495.0,31.14304167543801,0.2977761686338592,91.98696945848269,0.5244500670728859,1261.2413514472028,8.003002692285927,28.69019993613062,0.2977761686338592,0.0720488017794322,0.0007207820498133346,0.07146365859789477,0.0007417227660041629,RTBE-P-JAGUAR_045913_20250613_132104,OOSTENDE_RT1,270,2025-06-13T13:24:06,33.49
497.5,31.462306301332546,0.2985012942863396,90.88584463782435,0.5112321652597531,1256.2497926264389,8.026644643965998,29.038826165480497,0.2985012942863396,0.07320458836338622,0.0007264937367685561,0.0726194451818488,0.0007464832859844009,RTBE-P-JAGUAR_045913_20250613_132104,OOSTENDE_RT1,270,2025-06-13T13:24:06,33.49
500.0,31.64978002123217,0.2990643837821512,89.4491084418295,0.5044597537372129,1248.6854237577397,8.029236187136105,29.264610599719948,0.2990643837821512,0.07421256280302503,0.0007344627351628363,0.0736274196214876,0.0007524220697739545,RTBE-P-JAGUAR_045913_20250613_132104,OOSTENDE_RT1,270,2025-06-13T13:24:06,33.49
502.5,31.94167262411668,0.3034404229106434,88.37574669335424,0.5060450106514972,1243.9009438156572,7.982576367818389,29.585124500963726,0.3034404229106434,0.07530524870912125,0.0007499577295784937,0.0747201055275838,0.0007663682612009754,RTBE-P-JAGUAR_045913_20250613_132104,OOSTENDE_RT1,270,2025-06-13T13:24:06,33.49
505.0,32.28420233522524,0.3080969340175481,87.53849735525144,0.507443262174446,1243.3261383778615,7.900625049492892,29.94997954939773,0.3080969340175481,0.07626169563487062,0.0007631206977760529,0.07567655245333321,0.00077848847106672,RTBE-P-JAGUAR_045913_20250613_132104,OOSTENDE_RT1,270,2025-06-13T13:24:06,33.49
507.5,32.626768018948944,0.3118582142137049,86.8132367716968,0.505802818293762,1245.3101197989383,7.926432666110844,30.311884379107973,0.3118582142137049,0.07705412208716442,0.0007719977331153091,0.07646897890562698,0.0007867369413922272,RTBE-P-JAGUAR_045913_20250613_132104,OOSTENDE_RT1,270,2025-06-13T13:24:06,33.49
510.0,32.73309987349016,0.3157697555569152,85.58353733844582,0.506689066560115,1237.4678321746096,7.840741448872974,30.451006292006763,0.3157697555569152,0.07789192657749283,0.0007877885458872126,0.07730678339595538,0.0008016531165421611,RTBE-P-JAGUAR_045913_20250613_132104,OOSTENDE_RT1,270,2025-06-13T13:24:06,33.49
512.5,32.6393952034823,0.3158681135628076,83.85105168761858,0.4960676629184686,1222.7304551519178,7.737426816917733,30.40349852512679,0.3158681135628076,0.07870163010432299,0.0007998227302399562,0.07811648692278556,0.0008115680286616326,RTBE-P-JAGUAR_045913_20250613_132104,OOSTENDE_RT1,270,2025-06-13T13:24:06,33.49
515.0,32.593031724277246,0.31513444326334406,82.18447486983196,0.4859110495348531,1203.80282893745,7.660219967105866,30.40157448342569,0.31513444326334406,0.07992484961751203,0.0008115377991465793,0.07933970643597463,0.0008224137940621778,RTBE-P-JAGUAR_045913_20250613_132104,OOSTENDE_RT1,270,2025-06-13T13:24:06,33.49
517.5,32.73349952301418,0.31542879345199126,80.9081044692089,0.4813688456708965,1195.386390220081,7.670608761731502,30.576076826532287,0.31542879345199126,0.08094207138459812,0.0008171709569151417,0.08035692820306072,0.0008289778002717841,RTBE-P-JAGUAR_045913_20250613_132104,OOSTENDE_RT1,270,2025-06-13T13:24:06,33.49
520.0,33.290595956355176,0.32253202672198417,80.60091425739118,0.47829939152211837,1200.0147849401728,7.586302371336902,31.14136451759041,0.3225320267219842,0.08211204036564289,0.0008341542825030566,0.08152689718410545,0.0008443764680347056,RTBE-P-JAGUAR_045913_20250613_132104,OOSTENDE_RT1,270,2025-06-13T13:24:06,33.49
522.5,33.98125436095324,0.3296263743099871,80.60731062368427,0.4794022156630153,1210.5561759141074,7.549932709527431,31.831852362441627,0.3296263743099879,0.08319404272846521,0.0008459249080565525,0.08260889954692777,0.0008554347303872459,RTBE-P-JAGUAR_045913_20250613_132104,OOSTENDE_RT1,270,2025-06-13T13:24:06,33.49
525.0,34.69784923215548,0.33600766066710974,80.67738040744138,0.48094348104368695,1223.1943844337059,7.624881526952802,32.54657881585302,0.33600766066710974,0.08417618497225177,0.0008542617475275835,0.08359104179071433,0.0008629856478538286,RTBE-P-JAGUAR_045913_20250613_132104,OOSTENDE_RT1,270,2025-06-13T13:24:06,33.49
527.5,35.37937034802957,0.3415492371636724,80.67197555952998,0.4813086189891199,1232.252957691961,7.708575067122847,33.22824405253714,0.3415492371636724,0.08529957357143371,0.0008632308370880217,0.08471443038989629,0.0008707697292302394,RTBE-P-JAGUAR_045913_20250613_132104,OOSTENDE_RT1,270,2025-06-13T13:24:06,33.49
530.0,35.983924600951696,0.34966643732918473,80.52697979686762,0.4870049410077482,1239.313959280293,7.772379262324338,33.83666463197025,0.3496664373291847,0.08635922507077194,0.0008790610360273335,0.08577408188923454,0.0008863851669662601,RTBE-P-JAGUAR_045913_20250613_132104,OOSTENDE_RT1,270,2025-06-13T13:24:06,33.49
532.5,36.43812910050434,0.35392975615588673,80.10130322437477,0.4840439964337114,1242.8614003265068,7.792042811421799,34.30221983989607,0.35392975615588673,0.08729119248239224,0.000888125819527512,0.08670604930085479,0.0008946316311167592,RTBE-P-JAGUAR_045913_20250613_132104,OOSTENDE_RT1,270,2025-06-13T13:24:06,33.49
535.0,36.758578874767515,0.35689718456791275,79.4234449223073,0.4773221212599289,1241.7276285666292,7.753880919492056,34.64074477356969,0.3568971845679127,0.08822683431564597,0.00089785845100516,0.08764169113410855,0.0009029561292919836,RTBE-P-JAGUAR_045913_20250613_132104,OOSTENDE_RT1,270,2025-06-13T13:24:06,33.49
537.5,36.95498326478779,0.3601565067096352,78.51373168370004,0.4703228780894824,1235.017377235116,7.74069636757602,34.86140675806876,0.3601565067096352,0.08926433214173009,0.0009129327450279032,0.08867918896019264,0.0009161531298892419,RTBE-P-JAGUAR_045913_20250613_132104,OOSTENDE_RT1,270,2025-06-13T13:24:06,33.49
540.0,37.12405726150116,0.3630287912404927,77.63787043649069,0.47284770005905613,1229.6748434237272,7.722416854871222,35.05383568252509,0.3630287912404927,0.09014123457375371,0.0009240021486949809,0.0895560913922163,0.0009274716724522933,RTBE-P-JAGUAR_045913_20250613_132104,OOSTENDE_RT1,270,2025-06-13T13:24:06,33.49
542.5,37.366466912500044,0.366420423017999,76.95818172028588,0.4705147979746998,1227.0160775631987,7.692626308464008,35.31436930111045,0.366420423017999,0.09100234731699935,0.000935063139894946,0.09041720413546192,0.0009381651390947797,RTBE-P-JAGUAR_045913_20250613_132104,OOSTENDE_RT1,270,2025-06-13T13:24:06,33.49
545.0,37.65418150678203,0.37081772457161466,76.42425312695183,0.4660101451228446,1228.170117214679,7.6444303724364815,35.616321154726556,0.3708177245716147,0.09168976404736609,0.0009461163737682763,0.09110462086582866,0.0009485316594227436,RTBE-P-JAGUAR_045913_20250613_132104,OOSTENDE_RT1,270,2025-06-13T13:24:06,33.49
547.5,37.96591991629393,0.37663851922582003,75.99901779028053,0.4614377927022963,1230.6225140901208,7.702922297942365,35.93939850701432,0.37663851922582003,0.09233297733159897,0.0009598292146185506,0.0917478341500615,0.0009615010220527486,RTBE-P-JAGUAR_045913_20250613_132104,OOSTENDE_RT1,270,2025-06-13T13:24:06,33.49
550.0,38.23302070373477,0.38007444355864134,75.50120277858365,0.4661932239505357,1231.1892182519596,7.667366197899832,36.21977358152356,0.38007444355864134,0.0930061723064966,0.0009691309620389331,0.09242102912495918,0.0009698258090631685,RTBE-P-JAGUAR_045913_20250613_132104,OOSTENDE_RT1,270,2025-06-13T13:24:06,33.49
552.5,38.40842826238339,0.38457001631323,74.8065111846508,0.4671358485262552,1229.0554883988223,7.600604482805357,36.41370516099355,0.38457001631323,0.09366233107383935,0.0009833726119470485,0.09307718789230192,0.0009830006451657539,RTBE-P-JAGUAR_045913_20250613_132104,OOSTENDE_RT1,270,2025-06-13T13:24:06,33.49
555.0,38.5117647077773,0.38832507338189753,73.96033259545639,0.4639323147234281,1223.2944037744494,7.565647221533503,36.539605043086205,0.3883250733818976,0.09442400520382915,0.0009987182780185327,0.09383886202229169,0.0009972735867810132,RTBE-P-JAGUAR_045913_20250613_132104,OOSTENDE_RT1,270,2025-06-13T13:24:06,33.49
557.5,38.558784141679375,0.38960622076486096,72.99955855411348,0.4561445454435588,1215.2956287415248,7.432990133323841,36.61224361287809,0.389606220764861,0.09522940326561678,0.0010096519955065193,0.09464426008407935,0.001007149217030625,RTBE-P-JAGUAR_045913_20250613_132104,OOSTENDE_RT1,270,2025-06-13T13:24:06,33.49
560.0,38.60833490513007,0.3914338724305469,72.09981538631646,0.4491080593600198,1209.061723594671,7.382581712024852,36.685786117872404,0.3914338724305469,0.09590847854974206,0.0010205104191452965,0.0953233353682046,0.0010170909838563907,RTBE-P-JAGUAR_045913_20250613_132104,OOSTENDE_RT1,270,2025-06-13T13:24:06,33.49
562.5,38.63265399490449,0.3932073051893251,71.22972987624172,0.4433089453043487,1203.861992996117,7.3936200247021455,36.733306124781514,0.3932073051893251,0.09644420787089904,0.001030031652698855,0.0958590646893616,0.001026111953452631,RTBE-P-JAGUAR_045913_20250613_132104,OOSTENDE_RT1,270,2025-06-13T13:24:06,33.49
565.0,38.6125465635265,0.395005705633452,70.36543493724001,0.4391818195782982,1198.7623943282767,7.441054426985321,36.736245204381504,0.395005705633452,0.09685969984147343,0.0010395314363749579,0.09627455665993599,0.001035190150121008,RTBE-P-JAGUAR_045913_20250613_132104,OOSTENDE_RT1,270,2025-06-13T13:24:06,33.49
567.5,38.52535834803223,0.39682062611111313,69.48075969921668,0.4371706343488466,1193.4408889574984,7.353419994487768,36.67264694257665,0.39682062611111313,0.09712156931583084,0.00104964157570653,0.0965364261342934,0.0010445835862658889,RTBE-P-JAGUAR_045913_20250613_132104,OOSTENDE_RT1,270,2025-06-13T13:24:06,33.49
570.0,38.41035862484183,0.3992922754138588,68.77040819484345,0.4336014438465546,1189.8277821397917,7.3275581782814445,36.57658881328551,0.3992922754138588,0.09716108840155907,0.0010606818642368966,0.09657594522002165,0.0010542817186697303,RTBE-P-JAGUAR_045913_20250613_132104,OOSTENDE_RT1,270,2025-06-13T13:24:06,33.49
572.5,38.25687648011131,0.40329598839843694,68.17708556162873,0.4300336281444836,1188.1928244742448,7.347685380254623,36.43892767590192,0.40329598839843694,0.0969299999533809,0.0010745630726678617,0.09634485677184347,0.0010663182677739082,RTBE-P-JAGUAR_045913_20250613_132104,OOSTENDE_RT1,270,2025-06-13T13:24:06,33.49
575.0,38.04964076899186,0.40737107707368747,67.69158672723934,0.42753393379619353,1188.9563168516643,7.379271261862657,36.24463783975134,0.40737107707368747,0.09635475755298915,0.0010864281200992215,0.09576961437145172,0.0010764011804979788,RTBE-P-JAGUAR_045913_20250613_132104,OOSTENDE_RT1,270,2025-06-13T13:24:06,33.49
577.5,37.76620947229382,0.4094156328533975,67.30902084851301,0.42724932519799913,1191.791409376769,7.261782470621431,35.97140770046614,0.4094156328533975,0.09540669440430002,0.001090289283032224,0.09482155122276259,0.0010792300853298287,RTBE-P-JAGUAR_045913_20250613_132104,OOSTENDE_RT1,270,2025-06-13T13:24:06,33.49
580.0,37.233989890046466,0.412393909704176,66.81177683149873,0.42410257866355916,1192.4546288487109,7.243568129740411,35.452447179656865,0.412393909704176,0.09398672418669687,0.0010995447495944727,0.09340158100515944,0.001086476286617849,RTBE-P-JAGUAR_045913_20250613_132104,OOSTENDE_RT1,270,2025-06-13T13:24:06,33.49
582.5,36.373519597193074,0.4122414951938029,65.8997354264145,0.4182105677257521,1187.7391848347336,7.258538818888006,34.61629656207419,0.4122414951938029,0.09214590362662607,0.0011055899672358645,0.09156076044508864,0.0010903865674735027,RTBE-P-JAGUAR_045913_20250613_132104,OOSTENDE_RT1,270,2025-06-13T13:24:06,33.49
585.0,35.204747056966404,0.409271401629936,64.59538175330958,0.4102545548713139,1171.8366761528125,7.150349661046977,33.48230474297623,0.409271401629936,0.09034830279787963,0.001114511245698371,0.08976315961634222,0.001097221186920196,RTBE-P-JAGUAR_045913_20250613_132104,OOSTENDE_RT1,270,2025-06-13T13:24:06,33.49
587.5,33.744771636566405,0.4038541227834313,62.930524237865235,0.40144030701309086,1149.3143777619148,6.996489505669088,32.066722914711306,0.4038541227834313,0.08823790650094433,0.0011231889586391193,0.0876527633194069,0.0011039147946004392,RTBE-P-JAGUAR_045913_20250613_132104,OOSTENDE_RT1,270,2025-06-13T13:24:06,33.49
590.0,32.355915362321944,0.40006945292220825,61.698155661961245,0.3898222951084558,1133.6260665540187,6.8691744332690545,30.71072787178018,0.40006945292220825,0.08569309889541789,0.001130252137243959,0.08510795571388047,0.0011087035587022686,RTBE-P-JAGUAR_045913_20250613_132104,OOSTENDE_RT1,270,2025-06-13T13:24:06,33.49
592.5,31.133021236200545,0.39884953326002587,61.030439214686034,0.3861107979868619,1127.1093251345437,6.790568011854863,29.505638471497015,0.39884953326002587,0.08282623106399849,0.0011353153361448954,0.08224108788246108,0.0011117135983484494,RTBE-P-JAGUAR_045913_20250613_132104,OOSTENDE_RT1,270,2025-06-13T13:24:06,33.49
595.0,30.033409412875884,0.40055299683137613,60.824870049434,0.3878874651551167,1132.507043047063,6.799246626658643,28.411508170520722,0.40055299683137613,0.079399121331963,0.001136812084690474,0.07881397815042558,0.0011111404206662699,RTBE-P-JAGUAR_045913_20250613_132104,OOSTENDE_RT1,270,2025-06-13T13:24:06,33.49
597.5,28.97447799663797,0.4061967685571439,60.90788228538717,0.3895568651925692,1141.8308842300087,6.786364618324959,27.35036322470989,0.4061967685571439,0.0758359542836592,0.0011456802896875188,0.07525081110212174,0.0011175952600647825,RTBE-P-JAGUAR_045913_20250613_132104,OOSTENDE_RT1,270,2025-06-13T13:24:06,33.49
600.0,28.011863048183397,0.4073275593886915,60.99516915438033,0.39503806361813526,1150.7652389334198,6.877995548152812,26.385420763164927,0.4073275593886915,0.072617423291304,0.0011413015034453672,0.07203228010976656,0.0011120054941581446,RTBE-P-JAGUAR_045913_20250613_132104,OOSTENDE_RT1,270,2025-06-13T13:24:06,33.49
602.5,27.19888092932629,0.40675000888514184,60.97422363214224,0.3980941614835911,1157.8842039742858,6.994437696593615,25.57299715875285,0.4067500088851421,0.06997026798802007,0.0011339542344482336,0.06938512480648264,0.001103601582416546,RTBE-P-JAGUAR_045913_20250613_132104,OOSTENDE_RT1,270,2025-06-13T13:24:06,33.49
605.0,26.52358506368804,0.4051600700263697,60.80255242531978,0.39714935301416693,1160.8507504701008,6.879670593668946,24.90227892301164,0.40516007002636967,0.0679778002397303,0.0011277470047108041,0.06739265705819285,0.0010964785085484173,RTBE-P-JAGUAR_045913_20250613_132104,OOSTENDE_RT1,270,2025-06-13T13:24:06,33.49
607.5,25.958124355376764,0.40360619143744136,60.401585721747104,0.38941862757905493,1157.4160734274135,6.919837384453939,24.3475100319478,0.4036061914374414,0.06667197263351154,0.0011273529641507003,0.06608682945197411,0.001095514633910724,RTBE-P-JAGUAR_045913_20250613_132104,OOSTENDE_RT1,270,2025-06-13T13:24:06,33.49
610.0,25.44613177732656,0.40167744123621746,59.82883843919452,0.3929996150949401,1152.0694786847935,6.87067536229628,23.850789817461585,0.40167744123621746,0.0656241598894458,0.0011275865064204536,0.06503901670790836,0.0010953392324402542,RTBE-P-JAGUAR_045913_20250613_132104,OOSTENDE_RT1,270,2025-06-13T13:24:06,33.49
612.5,25.003130583893054,0.3995527074845998,59.24621835682453,0.39269120327177515,1146.297897706819,6.763105346180725,23.423324246786493,0.3995527074845998,0.06478009941723041,0.001128240183834936,0.06419495623569299,0.001095031102357106,RTBE-P-JAGUAR_045913_20250613_132104,OOSTENDE_RT1,270,2025-06-13T13:24:06,33.49
615.0,24.62439470904779,0.3969885216218919,58.67454255024601,0.38815407218268655,1142.3215135573573,6.854605380425902,23.059832164491226,0.3969885216218919,0.06400389040916875,0.0011260899779223256,0.06341874722763131,0.0010917908909926046,RTBE-P-JAGUAR_045913_20250613_132104,OOSTENDE_RT1,270,2025-06-13T13:24:06,33.49
617.5,24.296739267768864,0.39321018587282586,58.11288652322117,0.38366997554038673,1139.6089850898727,6.781152008495627,22.747153337338514,0.3932101858728259,0.06329287078779838,0.0011180612075545908,0.06270772760626094,0.0010839737553993826,RTBE-P-JAGUAR_045913_20250613_132104,OOSTENDE_RT1,270,2025-06-13T13:24:06,33.49
620.0,23.965489041566624,0.39084260904654006,57.467077712252085,0.38043681819241065,1135.4785899205453,6.7344200641574306,22.433123667661647,0.39084260904654006,0.06265213161883476,0.0011152054227104727,0.06206698843729732,0.0010813662892370324,RTBE-P-JAGUAR_045913_20250613_132104,OOSTENDE_RT1,270,2025-06-13T13:24:06,33.49
622.5,23.62551283613351,0.38853445189894675,56.77854266998158,0.3741161672457526,1129.33628209948,6.697832797871057,22.111507317984184,0.38853445189894675,0.06209503182235688,0.0011155446346562386,0.06150988864081943,0.0010808268529928881,RTBE-P-JAGUAR_045913_20250613_132104,OOSTENDE_RT1,270,2025-06-13T13:24:06,33.49
625.0,23.280264927822518,0.38588281794660256,56.0666450575452,0.36578944298155874,1121.0742222818067,6.457829510492024,21.78524223069856,0.38588281794660256,0.06163405108465104,0.0011174787049523427,0.0610489079031136,0.0010813616100637067,RTBE-P-JAGUAR_045913_20250613_132104,OOSTENDE_RT1,270,2025-06-13T13:24:06,33.49
627.5,22.94253506803928,0.3823252278057433,55.368159440868965,0.361228302959172,1113.4671705882993,6.452366130124395,21.466137559732566,0.3823252278057433,0.0611507905934616,0.001114322419179355,0.06056564741192418,0.0010787117561103854,RTBE-P-JAGUAR_045913_20250613_132104,OOSTENDE_RT1,270,2025-06-13T13:24:06,33.49
630.0,22.663930084192064,0.3842162655405956,54.82691486568016,0.35397945755812243,1108.592137370916,6.429599165290304,21.201964916607213,0.3842162655405956,0.06066850024164249,0.0011247601767154945,0.06008335706010506,0.0010888143227090015,RTBE-P-JAGUAR_045913_20250613_132104,OOSTENDE_RT1,270,2025-06-13T13:24:06,33.49
632.5,22.436474436289757,0.3836524868877231,54.42874997920191,0.3505234697696406,1107.0446332578751,6.3724184165050906,20.985126375219334,0.3836524868877231,0.06013714034088367,0.0011251746208891572,0.05955199715934623,0.001088736441267917,RTBE-P-JAGUAR_045913_20250613_132104,OOSTENDE_RT1,270,2025-06-13T13:24:06,33.49
635.0,22.249598179489375,0.3812381335313403,54.14467602994538,0.3515643990738296,1109.0811739027688,6.48563102124567,20.80582497868328,0.3812381335313403,0.059519897862204935,0.0011167654175964158,0.058934754680667494,0.0010798983408543035,RTBE-P-JAGUAR_045913_20250613_132104,OOSTENDE_RT1,270,2025-06-13T13:24:06,33.49
637.5,22.07243040307623,0.3848465595734402,53.88458835028825,0.3552521882654828,1110.1987715377988,6.463192280400469,20.635592466256956,0.3848465595734402,0.05897885371020966,0.0011258317367640258,0.05839371052867223,0.0010890222141396642,RTBE-P-JAGUAR_045913_20250613_132104,OOSTENDE_RT1,270,2025-06-13T13:24:06,33.49
640.0,21.824483376391324,0.38441068336538264,53.45019656551677,0.34611569233068173,1107.9907282744678,6.366361925320008,20.39922853995216,0.38441068336538264,0.0584250374014264,0.001126474252864494,0.05783989421988895,0.0010899565745490266,RTBE-P-JAGUAR_045913_20250613_132104,OOSTENDE_RT1,270,2025-06-13T13:24:06,33.49
642.5,21.492742323515515,0.3815962988043699,52.816764623170286,0.3416118093732648,1101.4805721233727,6.234521653566463,20.08437801316222,0.38159629880436996,0.057868890180756895,0.0011250708390437515,0.05728374699921946,0.0010883715603352366,RTBE-P-JAGUAR_045913_20250613_132104,OOSTENDE_RT1,270,2025-06-13T13:24:06,33.49
645.0,21.06880178193244,0.3772341309091491,51.9829626151365,0.3420070192628356,1089.4817371305173,6.179116773576346,19.682670885503562,0.3772341309091491,0.05734142660468584,0.0011250212723503033,0.05675628342314838,0.0010877795689066602,RTBE-P-JAGUAR_045913_20250613_132104,OOSTENDE_RT1,270,2025-06-13T13:24:06,33.49
647.5,20.53035221785993,0.3729230896947229,50.96796437239383,0.33133238034696855,1076.1384928528698,6.173558452807984,19.171286351073615,0.3729230896947229,0.05655226336207499,0.0011257145667426922,0.05596712018053755,0.001088681844130563,RTBE-P-JAGUAR_045913_20250613_132104,OOSTENDE_RT1,270,2025-06-13T13:24:06,33.49
650.0,19.943594934480007,0.3672814923405181,50.00000860159901,0.33190929861402374,1062.6185504260366,6.06017606910297,18.61033970511751,0.3672814923405181,0.05560592789771497,0.0011226604804891198,0.05502078471617753,0.0010858542208526797,RTBE-P-JAGUAR_045913_20250613_132104,OOSTENDE_RT1,270,2025-06-13T13:24:06,33.49
652.5,19.319514744035235,0.35835643094681524,49.14882971956036,0.3329732840135394,1049.9030835120595,5.840598873469869,18.008956284680185,0.35835643094681524,0.05447278829018345,0.0011098155601349119,0.053887645108646014,0.0010722989088318463,RTBE-P-JAGUAR_045913_20250613_132104,OOSTENDE_RT1,270,2025-06-13T13:24:06,33.49
655.0,18.680876906325093,0.34710240476218657,48.489789557810035,0.3307823775784961,1041.5138118059708,5.845595935485083,17.38789181878713,0.3471024047621866,0.05303348575761479,0.0010860131393826264,0.052448342576077354,0.0010469898262351442,RTBE-P-JAGUAR_045913_20250613_132104,OOSTENDE_RT1,270,2025-06-13T13:24:06,33.49
657.5,18.125490377634254,0.3407892749368504,48.29200520043725,0.3221837274159498,1045.262335217616,5.841999146277455,16.837779229764074,0.3407892749368504,0.051192002099859364,0.0010629868658008131,0.050606858918321944,0.0010242606535142262,RTBE-P-JAGUAR_045913_20250613_132104,OOSTENDE_RT1,270,2025-06-13T13:24:06,33.49
660.0,17.756968923450078,0.3379620745720762,48.583531352856824,0.32703304382000004,1057.1252309943147,5.918497851802235,16.461484201573015,0.3379620745720762,0.049505816266034425,0.0010428527848089435,0.04892067308449697,0.0010043646103016061,RTBE-P-JAGUAR_045913_20250613_132104,OOSTENDE_RT1,270,2025-06-13T13:24:06,33.49
662.5,17.442484882879313,0.33518939133907694,48.87943291267624,0.3343710744367808,1073.9186687769045,6.070534444465134,16.13910991631951,0.33518939133907627,0.04779775864554933,0.0010192595772109824,0.0472126154640119,0.0009805477453812955,RTBE-P-JAGUAR_045913_20250613_132104,OOSTENDE_RT1,270,2025-06-13T13:24:06,33.49
665.0,17.135492826726352,0.3310956507374741,48.995614912977686,0.3387354629786251,1083.1800531919678,6.043886731964604,15.829019855510312,0.3310956507374741,0.04649471504362656,0.0009994854230145301,0.04590957186208911,0.0009602906376711462,RTBE-P-JAGUAR_045913_20250613_132104,OOSTENDE_RT1,270,2025-06-13T13:24:06,33.49
667.5,16.80819336695218,0.3242040482960484,48.76660436097435,0.3295046317211927,1085.125549351805,6.094514490415664,15.507826985006362,0.3242040482960484,0.04548250584923962,0.0009775568705076702,0.044897362667702174,0.0009386167867850347,RTBE-P-JAGUAR_045913_20250613_132104,OOSTENDE_RT1,270,2025-06-13T13:24:06,33.49
670.0,16.51990710753053,0.32072396057975594,48.42301413602349,0.33067557541368736,1083.1538567543444,6.026248483524719,15.228702593292049,0.32072396057975594,0.0447546578746293,0.0009677684577455814,0.04416951469309187,0.000930231686019928,RTBE-P-JAGUAR_045913_20250613_132104,OOSTENDE_RT1,270,2025-06-13T13:24:06,33.49
672.5,16.273874419296572,0.31802807122899435,48.02701384264529,0.32944987793933506,1078.8724137864845,5.813847389415314,14.993229292481045,0.31802807122899435,0.044244262088407225,0.0009631251441638234,0.04365911890686979,0.0009260730364786871,RTBE-P-JAGUAR_045913_20250613_132104,OOSTENDE_RT1,270,2025-06-13T13:24:06,33.49
675.0,16.06590229351869,0.31512945946803633,47.582030606217025,0.3228931933270919,1074.6163860308295,5.881888444278899,14.797122689200853,0.31512945946803633,0.043843865586061244,0.0009593390819432966,0.0432587224045238,0.0009212667959132565,RTBE-P-JAGUAR_045913_20250613_132104,OOSTENDE_RT1,270,2025-06-13T13:24:06,33.49
677.5,15.855213149717658,0.31231703570956937,46.97032751493723,0.32105219423557807,1068.1215720629505,5.866724979710673,14.60274466949911,0.3123170357095693,0.043535193602616463,0.0009574692522006195,0.04295005042107902,0.0009185966566344171,RTBE-P-JAGUAR_045913_20250613_132104,OOSTENDE_RT1,270,2025-06-13T13:24:06,33.49
680.0,15.5135992620039,0.30817896073097933,45.913705048621615,0.3091987243932844,1053.8179356374785,5.755242993384205,14.289305725511896,0.30817896073097933,0.043183751891884586,0.0009578604498000622,0.042598608710347145,0.0009187286781541743,RTBE-P-JAGUAR_045913_20250613_132104,OOSTENDE_RT1,270,2025-06-13T13:24:06,33.49
682.5,15.044946372821324,0.3033596219915724,44.47530871270632,0.2974361004782588,1028.66656638356,5.551888869065981,13.859007818466138,0.3033596219915724,0.04291115879377438,0.0009656772282413758,0.04232601561223694,0.0009264735444790797,RTBE-P-JAGUAR_045913_20250613_132104,OOSTENDE_RT1,270,2025-06-13T13:24:06,33.49
685.0,14.463297642414604,0.29809526713289686,42.73716156200043,0.2888499558647901,989.4856226232765,5.38105554637042,13.323706955647706,0.29809526713289686,0.042887586929507275,0.000985830849174234,0.042302443747969834,0.0009464451831162618,RTBE-P-JAGUAR_045913_20250613_132104,OOSTENDE_RT1,270,2025-06-13T13:24:06,33.49
687.5,13.885922062054112,0.2922082044871121,41.194469503375345,0.27490469019356406,957.4522107092477,5.235567355231874,12.787467413299657,0.29220820448711166,0.04254338739915983,0.0010002888766265313,0.0419582442176224,0.0009587937008943268,RTBE-P-JAGUAR_045913_20250613_132104,OOSTENDE_RT1,270,2025-06-13T13:24:06,33.49
690.0,13.441205749304647,0.2877046531375136,40.28210861937854,0.2720549475336152,938.2976130741932,5.09295649487989,12.367079294758055,0.2877046531375136,0.04199239490786386,0.0010053502299327889,0.04140725172632642,0.0009632879931763646,RTBE-P-JAGUAR_045913_20250613_132104,OOSTENDE_RT1,270,2025-06-13T13:24:06,33.49
692.5,13.058182314585371,0.2829539878208444,39.77489783695436,0.2725022185957924,934.2582129082771,4.957995358737998,11.9975806862732,0.2829539878208444,0.04092892697072754,0.0009944432354866749,0.04034378378919011,0.000951478035900523,RTBE-P-JAGUAR_045913_20250613_132104,OOSTENDE_RT1,270,2025-06-13T13:24:06,33.49
695.0,12.697545284683956,0.2777758509500878,39.56453407615336,0.2720900880516697,938.8183723972767,4.927493192123209,11.64255302708992,0.2777758509500878,0.03954492510989694,0.0009740210220079902,0.0389597819283595,0.0009295286482955279,RTBE-P-JAGUAR_045913_20250613_132104,OOSTENDE_RT1,270,2025-06-13T13:24:06,33.49
697.5,12.278060625889765,0.27681917880395085,39.483465147325745,0.2652691848586782,941.9717836913879,4.949910566646635,11.22523007938981,0.2768191788039506,0.03802267683468969,0.0009655493794870582,0.03743753365315226,0.0009232262723361677,RTBE-P-JAGUAR_045913_20250613_132104,OOSTENDE_RT1,270,2025-06-13T13:24:06,33.49
700.0,11.811768541933679,0.2719524688990495,39.46967166591897,0.2662707003352826,945.133914987379,4.997052406720829,10.759305799994783,0.2719524688990495,0.03634870591374669,0.0009461078830207168,0.03576356273220926,0.0009039606608871618,RTBE-P-JAGUAR_045913_20250613_132104,OOSTENDE_RT1,270,2025-06-13T13:24:06,33.49
702.5,11.317115031410843,0.2643726828483844,39.52285086053189,0.2685442235432036,949.2856252129692,5.05385715766119,10.263234260929677,0.26437268284838417,0.034550580453353436,0.0009172780270579601,0.033965437271816,0.0008749224218579919,RTBE-P-JAGUAR_045913_20250613_132104,OOSTENDE_RT1,270,2025-06-13T13:24:06,33.49
705.0,10.794809374199088,0.2551451258430784,39.61560919555125,0.26888082892297743,957.164715909125,5.08730886618052,9.738455193438794,0.25514512584307836,0.03254856471652574,0.0008795021581002715,0.031963421534988296,0.0008374337662316846,RTBE-P-JAGUAR_045913_20250613_132104,OOSTENDE_RT1,270,2025-06-13T13:24:06,33.49
707.5,10.175187349319636,0.24942625863166487,39.46929406916214,0.2652709338499004,960.0769422791786,5.129038595451587,9.122734676036016,0.24942625863166487,0.030436830037849485,0.0008560588162033456,0.029851686856312044,0.0008161801072624508,RTBE-P-JAGUAR_045913_20250613_132104,OOSTENDE_RT1,270,2025-06-13T13:24:06,33.49
710.0,9.390802832866708,0.23508550346832427,38.638677426022774,0.26879626511329874,949.1014768260679,5.020117011309397,8.360498635434068,0.23508550346832427,0.028258981790726036,0.00081715448334488,0.027673838609188605,0.0007781495537561893,RTBE-P-JAGUAR_045913_20250613_132104,OOSTENDE_RT1,270,2025-06-13T13:24:06,33.49
712.5,8.463755361843075,0.2142740184658321,37.10182112056872,0.26440862676366417,918.5750479633734,4.710525540717672,7.4744315914809984,0.2142740184658321,0.02614823618043681,0.0007709959773585997,0.025563092998899375,0.0007328325363941992,RTBE-P-JAGUAR_045913_20250613_132104,OOSTENDE_RT1,270,2025-06-13T13:24:06,33.49
715.0,7.41703331818696,0.18866413372299146,34.88920779988733,0.24542842929437025,859.4093721398372,4.45899349509221,6.486709103282183,0.18866413372299143,0.024297472050030945,0.000726045375800125,0.023712328868493508,0.0006896665031988868,RTBE-P-JAGUAR_045913_20250613_132104,OOSTENDE_RT1,270,2025-06-13T13:24:06,33.49
717.5,6.418001735936223,0.16390745105685536,32.65983865409921,0.22613491293706603,805.3232240683545,4.190095857813251,5.547123872240804,0.16390745105685536,0.022224657707825474,0.0006749610395875401,0.02163951452628804,0.00063940841232357,RTBE-P-JAGUAR_045913_20250613_132104,OOSTENDE_RT1,270,2025-06-13T13:24:06,33.49
720.0,5.6076761018596555,0.14437321239331363,31.105232870131328,0.2148080584195076,766.8647476462538,3.9606246271045142,4.778251956854317,0.14437321239331363,0.020160069908485026,0.0006243844134466056,0.019574926726947592,0.0005914495676351207,RTBE-P-JAGUAR_045913_20250613_132104,OOSTENDE_RT1,270,2025-06-13T13:24:06,33.49
722.5,4.956393042621344,0.1284191635220999,30.168702850382534,0.20569982282066385,748.9341780911859,3.810280801905273,4.151941564245609,0.12841916352209995,0.018001505657626746,0.0005683855315126342,0.017416362476089308,0.0005386864593754126,RTBE-P-JAGUAR_045913_20250613_132104,OOSTENDE_RT1,270,2025-06-13T13:24:06,33.49
725.0,4.452218347655676,0.11480655703953911,29.843821479756894,0.19748291829690268,747.4670121552585,3.894673314368212,3.656429863515811,0.11480655703953911,0.01595306311751663,0.0005088282994268645,0.015367919935979192,0.00048253023921333464,RTBE-P-JAGUAR_045913_20250613_132104,OOSTENDE_RT1,270,2025-06-13T13:24:06,33.49
727.5,4.085936073810976,0.10355123959556749,30.190960802431167,0.2088457141520811,760.2141253877295,3.7908290153143587,3.280891084918069,0.10355123959556749,0.014143459168299573,0.0004462090534568007,0.013558315986762142,0.0004279265574256875,RTBE-P-JAGUAR_045913_20250613_132104,OOSTENDE_RT1,270,2025-06-13T13:24:06,33.49
730.0,3.831684468793954,0.0977290861784861,31.131515381060748,0.21535419924936391,785.5969002936199,3.8368744407556403,3.0015594980064306,0.09772908617848611,0.012588343887555102,0.00040286166630951284,0.012003200706017668,0.000390817452392727,RTBE-P-JAGUAR_045913_20250613_132104,OOSTENDE_RT1,270,2025-06-13T13:24:06,33.49
732.5,3.657775201695593,0.09254926373132266,32.36501312865655,0.22439163700509748,821.7697188301063,4.146403778623628,2.7947588901186537,0.09254926373132265,0.011269394251595071,0.00036286440958502086,0.010684251070057636,0.00035381212080604595,RTBE-P-JAGUAR_045913_20250613_132104,OOSTENDE_RT1,270,2025-06-13T13:24:06,33.49
735.0,3.547779034552221,0.08605143198831396,33.702846298416446,0.23784411526079227,857.7018223004825,4.413258855596077,2.6490892677203175,0.08605143198831398,0.010288234822233637,0.0003237560840877111,0.009703091640696203,0.00031518942776672786,RTBE-P-JAGUAR_045913_20250613_132104,OOSTENDE_RT1,270,2025-06-13T13:24:06,33.49
737.5,3.486387090753084,0.0848355908221602,34.77808053365781,0.23787793736430377,883.9426130039383,4.490944393406793,2.5590260955150455,0.08483559082216022,0.009680097383025648,0.0003004869891456008,0.009094954201488212,0.00030151150648131573,RTBE-P-JAGUAR_045913_20250613_132104,OOSTENDE_RT1,270,2025-06-13T13:24:06,33.49
740.0,3.451841202650361,0.08263062395642391,35.615017145207624,0.23883544210085786,904.4410968259539,4.489846034375248,2.5021632089716856,0.08263062395642391,0.009276452746057144,0.0002770853056737816,0.008691309564519707,0.00028701898011274996,RTBE-P-JAGUAR_045913_20250613_132104,OOSTENDE_RT1,270,2025-06-13T13:24:06,33.49
742.5,3.432249762769183,0.08052219434685332,36.228237827807,0.24487559341222837,920.4037710144462,4.484916051203674,2.466220178266927,0.08052219434685326,0.009003034804948308,0.00026210439007655773,0.008417891623410874,0.00027484452169528685,RTBE-P-JAGUAR_045913_20250613_132104,OOSTENDE_RT1,270,2025-06-13T13:24:06,33.49
745.0,3.419303380524063,0.07891814172789083,36.604675101101975,0.257486040312487,929.0622799179754,4.716523317812152,2.443236058485669,0.07891814172789083,0.008846863217143577,0.0002599700753700666,0.008261720035606145,0.00026685902511206167,RTBE-P-JAGUAR_045913_20250613_132104,OOSTENDE_RT1,270,2025-06-13T13:24:06,33.49
747.5,3.388605829676872,0.07774068857181299,36.571979216017915,0.26649082895572396,931.6069721890202,4.818979099551728,2.4134103466838326,0.07774068857181299,0.00872371710979392,0.0002566690638414522,0.008138573928256483,0.0002621594549988687,RTBE-P-JAGUAR_045913_20250613_132104,OOSTENDE_RT1,270,2025-06-13T13:24:06,33.49
750.0,3.325128454778607,0.07734791925502714,36.06331963210274,0.262804214413928,926.2596180416043,4.811957703822509,2.363496430456624,0.07734791925502714,0.008601408684299231,0.00025204255523556684,0.008016265502761797,0.0002623407629664531,RTBE-P-JAGUAR_045913_20250613_132104,OOSTENDE_RT1,270,2025-06-13T13:24:06,33.49
752.5,3.1970707192647683,0.07492076594568169,34.77314489616234,0.24939654691551658,907.2322968042917,4.675847876036511,2.26984133329411,0.07492076594568169,0.008445221446618778,0.0002444843394013772,0.00786007826508134,0.00025943799479511684,RTBE-P-JAGUAR_045913_20250613_132104,OOSTENDE_RT1,270,2025-06-13T13:24:06,33.49
755.0,2.981508744745778,0.06909533392112295,32.47536973201111,0.227734506348108,843.7999522207914,4.229821778769641,2.115549763304729,0.06909533392112295,0.008461649428319845,0.00023971658522684816,0.007876506246782409,0.0002572521992595875,RTBE-P-JAGUAR_045913_20250613_132104,OOSTENDE_RT1,270,2025-06-13T13:24:06,33.49
757.5,2.6377534790277437,0.06525517818500184,28.761951667840844,0.1993634452423005,742.4772723263603,3.6804713170063676,1.870813161609601,0.06525517818500183,0.00850098532756935,0.00026631047930346494,0.007915842146031913,0.00027610971545615685,RTBE-P-JAGUAR_045913_20250613_132104,OOSTENDE_RT1,270,2025-06-13T13:24:06,33.49
760.0,2.3710278763573296,0.05825284270573674,25.85544169118729,0.18964809718470663,655.1887555221526,3.2639748274750673,1.681589938117651,0.05825284270573674,0.00864827087018457,0.0002745242230242545,0.008063127688647136,0.0002793190529486683,RTBE-P-JAGUAR_045913_20250613_132104,OOSTENDE_RT1,270,2025-06-13T13:24:06,33.49
762.5,2.25976641416098,0.05257488893907826,24.62442507917132,0.18904023874976958,611.1933291462084,3.0893252247887344,1.6031536569823688,0.05257488893907826,0.00882550758208967,0.00026708557455275506,0.008240364400552235,0.00027023999932236853,RTBE-P-JAGUAR_045913_20250613_132104,OOSTENDE_RT1,270,2025-06-13T13:24:06,33.49
765.0,2.346452133113108,0.05207814447629566,25.535742521658268,0.1932612798085881,666.6055786857426,3.227482626084695,1.665539005198838,0.05207814447629566,0.00843453009083399,0.00024325089038048953,0.007849386909296555,0.0002454349638385614,RTBE-P-JAGUAR_045913_20250613_132104,OOSTENDE_RT1,270,2025-06-13T13:24:06,33.49
767.5,2.596001099855189,0.06072463546836299,28.17558746730992,0.20865648051902003,750.0655438839809,3.6668674293774997,1.844696242480623,0.06072463546836299,0.008311513511085899,0.0002445549165269286,0.007726370329548465,0.00025434053095076695,RTBE-P-JAGUAR_045913_20250613_132104,OOSTENDE_RT1,270,2025-06-13T13:24:06,33.49
770.0,2.8094058367282724,0.06831988177401102,30.358205573507473,0.22272835862573054,821.7596163032089,4.02356340293285,1.9999012492901391,0.06831988177401102,0.008230779384663685,0.0002526744980120763,0.007645636203126249,0.00026118737696178293,RTBE-P-JAGUAR_045913_20250613_132104,OOSTENDE_RT1,270,2025-06-13T13:24:06,33.49
772.5,2.969559066474392,0.07288306758960571,31.907826664177918,0.23170353125199683,868.2099360805581,4.198402027397808,2.1187336776914214,0.07288306758960571,0.008251719985296852,0.0002564207648507476,0.00766657680375942,0.00026372528140399947,RTBE-P-JAGUAR_045913_20250613_132104,OOSTENDE_RT1,270,2025-06-13T13:24:06,33.49
775.0,3.067205931917111,0.07376010419043848,32.728078345323844,0.2338718377562511,884.6650195925473,4.274374330627245,2.194508450031216,0.07376010419043848,0.008378207756458797,0.0002533598132728875,0.00779306457492136,0.00026193440038968095,RTBE-P-JAGUAR_045913_20250613_132104,OOSTENDE_RT1,270,2025-06-13T13:24:06,33.49
777.5,3.108639561686522,0.07520701919351098,32.89002527198944,0.23870972709124635,888.7809297518653,4.386397045960298,2.231623748806396,0.07520701919351098,0.00847331060293341,0.0002591832713742251,0.007888167421395975,0.00026583583320434647,RTBE-P-JAGUAR_045913_20250613_132104,OOSTENDE_RT1,270,2025-06-13T13:24:06,33.49
780.0,3.129605170069506,0.07648941874104925,32.76592006293519,0.23286270069166387,886.5974953319154,4.401162195249922,2.255898634999333,0.07648941874104925,0.00857875315254682,0.00026569549508366193,0.007993609971009384,0.0002710345982922873,RTBE-P-JAGUAR_045913_20250613_132104,OOSTENDE_RT1,270,2025-06-13T13:24:06,33.49
782.5,3.1298532306626217,0.07676319963775752,32.397173156454365,0.23210504543293997,879.423113725076,4.310257636234395,2.26597936872845,0.0767631996377576,0.008679977200431328,0.0002707297091729754,0.008094834018893892,0.000274223749960951,RTBE-P-JAGUAR_045913_20250613_132104,OOSTENDE_RT1,270,2025-06-13T13:24:06,33.49
785.0,3.1101090735785664,0.0762019541992042,31.807196176605988,0.24092198747845456,866.2964328400508,4.235532262467489,2.2619670068097504,0.07620195419920418,0.00878808464807359,0.0002745577327926806,0.008202941466536155,0.0002763436283773855,RTBE-P-JAGUAR_045913_20250613_132104,OOSTENDE_RT1,270,2025-06-13T13:24:06,33.49
787.5,3.0804978157035707,0.077181839370782,31.066529458141982,0.2279251536820538,851.0729154885631,4.157815010729062,2.2521057010492695,0.077181839370782,0.008898412934062128,0.00027568605717089343,0.008313269752524693,0.0002849037904332822,RTBE-P-JAGUAR_045913_20250613_132104,OOSTENDE_RT1,270,2025-06-13T13:24:06,33.49
790.0,3.067769009977283,0.07635374597083419,30.404184817341037,0.22442754725936015,837.4350295238186,4.029035711825589,2.257038381404403,0.07635374597083419,0.009052301764481083,0.0002821401911755793,0.00846715858294365,0.0002864369878967564,RTBE-P-JAGUAR_045913_20250613_132104,OOSTENDE_RT1,270,2025-06-13T13:24:06,33.49
792.5,3.064514443940652,0.07728729780689096,29.854770802876004,0.21990217962621486,826.7709850062747,3.883540309538286,2.2684339950048833,0.07728729780689096,0.00920481622655437,0.00029540727564711866,0.008619673045016936,0.0002936789164221728,RTBE-P-JAGUAR_045913_20250613_132104,OOSTENDE_RT1,270,2025-06-13T13:24:06,33.49
795.0,3.067621907218055,0.08064854859042246,29.42424782028571,0.210957362612833,820.9249636117178,3.835753457963795,2.2830213966653545,0.08064854859042249,0.009322023609922804,0.00031262109910111025,0.00873688042838537,0.0003086334305874365,RTBE-P-JAGUAR_045913_20250613_132104,OOSTENDE_RT1,270,2025-06-13T13:24:06,33.49
797.5,3.0764438353689387,0.08082637787818057,29.039225306904672,0.20468524191278278,815.6366026561456,3.8842849755713247,2.3021099886377954,0.08082637787818057,0.009452194763710182,0.000314281750370113,0.008867051582172748,0.0003113194701310056,RTBE-P-JAGUAR_045913_20250613_132104,OOSTENDE_RT1,270,2025-06-13T13:24:06,33.49
800.0,3.087731570958836,0.07846599670756897,28.69029783352767,0.20266074993207736,811.2163382329069,3.799632830456396,2.3227019101980373,0.07846599670756897,0.009580256955321055,0.00030816541352220763,0.008995113773783621,0.00030387479540916864,RTBE-P-JAGUAR_045913_20250613_132104,OOSTENDE_RT1,270,2025-06-13T13:24:06,33.49
802.5,3.087710061685579,0.07836921570185532,28.319114374526198,0.19679537932436791,806.9748833180888,3.6400000801284866,2.3325780449774007,0.07836921570185532,0.009665983492074497,0.00031155900142135326,0.009080840310537063,0.0003050951862395141,RTBE-P-JAGUAR_045913_20250613_132104,OOSTENDE_RT1,270,2025-06-13T13:24:06,33.49
805.0,3.064911085568099,0.08121644795802675,27.847551177983473,0.1871372585123408,801.2146029141217,3.6318398241451937,2.3223533486520522,0.08121644795802675,0.009691178184679974,0.00032716262366717415,0.009106035003142538,0.0003184527532668337,RTBE-P-JAGUAR_045913_20250613_132104,OOSTENDE_RT1,270,2025-06-13T13:24:06,33.49
807.5,2.9849260059583003,0.07806807272623478,26.961411607561967,0.19848532585122494,780.3051062458039,3.518530043849056,2.2659972693015,0.07806807272623478,0.009708292981930537,0.0003257573698615097,0.009123149800393101,0.0003143104944380482,RTBE-P-JAGUAR_045913_20250613_132104,OOSTENDE_RT1,270,2025-06-13T13:24:06,33.49
810.0,2.823526607234761,0.07441867578398492,25.453838690155965,0.18800533880144668,742.6315090748595,3.3957515751186027,2.144797453177883,0.07441867578398494,0.009658391272957315,0.0003215503983703047,0.00907324809141988,0.00031481719032376874,RTBE-P-JAGUAR_045913_20250613_132104,OOSTENDE_RT1,270,2025-06-13T13:24:06,33.49
812.5,2.6309627391311836,0.07030105044528023,23.74683007253726,0.17367479199243788,694.2961997833942,3.1911416949675164,1.997751140563971,0.07030105044528023,0.009624686115597018,0.000325060987573095,0.00903954293405958,0.0003181023656581164,RTBE-P-JAGUAR_045913_20250613_132104,OOSTENDE_RT1,270,2025-06-13T13:24:06,33.49
815.0,2.4345477961244417,0.06588925362767288,22.10123906322821,0.15936968282719524,646.2684588220403,2.79751184355597,1.845216046379555,0.06588925362767288,0.009554971580958489,0.0003362220252255702,0.008969828399421054,0.0003202959889524975,RTBE-P-JAGUAR_045913_20250613_132104,OOSTENDE_RT1,270,2025-06-13T13:24:06,33.49
817.5,2.2860786228393377,0.060568965678524725,21.095374800663112,0.1464945096916099,625.5526036265584,2.7919686836751056,1.7235683442421765,0.06056896567852471,0.009241089327137105,0.00032955565425041495,0.008655946145599667,0.0003041838791942434,RTBE-P-JAGUAR_045913_20250613_132104,OOSTENDE_RT1,270,2025-06-13T13:24:06,33.49
820.0,2.202451636047422,0.058260471846883564,20.83666312894657,0.14933987686347797,623.0171223317417,2.7915048427398252,1.6468399300477488,0.05826047184688357,0.008889409694330747,0.00030809332610233557,0.008304266512793312,0.0002937811238057512,RTBE-P-JAGUAR_045913_20250613_132104,OOSTENDE_RT1,270,2025-06-13T13:24:06,33.49
822.5,2.135521378883663,0.05650607087288195,20.898701677653065,0.15801918294581574,631.9559063681737,2.8003388919315855,1.5782554087788763,0.05650607087288195,0.008431000064500779,0.000280495086894418,0.007845856882963343,0.0002809041823149738,RTBE-P-JAGUAR_045913_20250613_132104,OOSTENDE_RT1,270,2025-06-13T13:24:06,33.49
825.0,2.0711943163868107,0.054462468342682264,21.137368029772517,0.16355374509046616,644.1589175271699,2.8693284610487795,1.507564284136123,0.05446246834268223,0.007937603499928718,0.0002551486963343275,0.007352460318391285,0.00026561596181662794,RTBE-P-JAGUAR_045913_20250613_132104,OOSTENDE_RT1,270,2025-06-13T13:24:06,33.49
827.5,2.005156017929581,0.054184567983932015,21.442006421629944,0.14034356370904624,656.7906131844669,2.9887274434141866,1.4334027724961758,0.05418456798393202,0.007441464708234502,0.0002587825710055522,0.006856321526697068,0.0002591782484388941,RTBE-P-JAGUAR_045913_20250613_132104,OOSTENDE_RT1,270,2025-06-13T13:24:06,33.49
830.0,1.9424213865617246,0.04947940234441438,21.838866627323824,0.14733397689324415,670.9398721002696,3.0998313526816386,1.3600858240574716,0.04947940234441438,0.006953576197353215,0.0002283654978056426,0.00636843301581578,0.00023168115858524402,RTBE-P-JAGUAR_045913_20250613_132104,OOSTENDE_RT1,270,2025-06-13T13:24:06,33.49
832.5,1.90409557704184,0.045830971959613574,22.390293363356367,0.15717170263504884,688.5298124459596,3.2202641631930886,1.3070561654786061,0.04583097195961362,0.006548919873660144,0.00020963249076645524,0.005963776692122708,0.00020911548376346102,RTBE-P-JAGUAR_045913_20250613_132104,OOSTENDE_RT1,270,2025-06-13T13:24:06,33.49
835.0,1.892644302450169,0.044291524918362225,23.06774942036807,0.1615101365391992,711.2682118838125,3.363978399978776,1.2775404573811124,0.04429152491836223,0.006227897417583435,0.00020697239130134575,0.005642754236045999,0.00019563074375457387,RTBE-P-JAGUAR_045913_20250613_132104,OOSTENDE_RT1,270,2025-06-13T13:24:06,33.49
837.5,1.9024502469869644,0.050488640193781915,23.750052070856587,0.154269153587924,733.6748809712502,3.434833138795808,1.2691527335123665,0.050488640193781915,0.006019649673851291,0.00022723259398227952,0.005434506492313856,0.00021619213801152217,RTBE-P-JAGUAR_045913_20250613_132104,OOSTENDE_RT1,270,2025-06-13T13:24:06,33.49
840.0,1.9115761387254018,0.04982222826242952,24.26228688213936,0.15841736911946244,750.6807795457204,3.4188238653544283,1.264619832784467,0.04982222826242952,0.0058775663852644235,0.00020577359243397232,0.0052924232037269885,0.0002085055999294961,RTBE-P-JAGUAR_045913_20250613_132104,OOSTENDE_RT1,270,2025-06-13T13:24:06,33.49
842.5,1.9082388201070777,0.048025868997117666,24.56699942826664,0.1680826340575832,761.5982209069967,3.376420948223167,1.2531573236524052,0.04802586899711774,0.005754417129013478,0.00020239428545368155,0.005169273947476044,0.00019810670913060792,RTBE-P-JAGUAR_045913_20250613_132104,OOSTENDE_RT1,270,2025-06-13T13:24:06,33.49
845.0,1.8916152978914438,0.04906559391693096,24.64617624241124,0.17697028243145896,765.69655181398,3.3472295946783537,1.2344225437699237,0.049065593916930945,0.005649881668012113,0.00021381586590652515,0.005064738486474679,0.00020131226793208606,RTBE-P-JAGUAR_045913_20250613_132104,OOSTENDE_RT1,270,2025-06-13T13:24:06,33.49
847.5,1.863851896472125,0.05784683637985466,24.467378767352226,0.17381957996288858,759.6022542574252,3.459209888026382,1.211426794902801,0.05784683637985466,0.005595409406917408,0.00020691081888110887,0.005010266225379973,0.00023924520390216543,RTBE-P-JAGUAR_045913_20250613_132104,OOSTENDE_RT1,270,2025-06-13T13:24:06,33.49
850.0,1.8209642234537136,0.046387572876474686,24.0762837375716,0.1686853082002469,749.0629330885187,3.2078206574045085,1.1789677099629927,0.04638757287647469,0.005529769504412268,0.0001824001432028769,0.004944626322874835,0.00019455088715406084,RTBE-P-JAGUAR_045913_20250613_132104,OOSTENDE_RT1,270,2025-06-13T13:24:06,33.49
852.5,1.7826205975693135,0.03939534161302235,23.80689672437893,0.17506250540813434,741.588044877123,3.0609513853840844,1.147807315724077,0.0393953416130223,0.005447604295528107,0.00017076643360696122,0.004862461113990672,0.0001668906566820912,RTBE-P-JAGUAR_045913_20250613_132104,OOSTENDE_RT1,270,2025-06-13T13:24:06,33.49
855.0,1.7564801300370676,0.040558957914026875,23.699840117670135,0.18004910877550637,741.1472222377676,3.196073413984174,1.1245215233153818,0.04055895791402685,0.005351792034088692,0.00017166340622535407,0.004766648852551256,0.00017192228533926402,RTBE-P-JAGUAR_045913_20250613_132104,OOSTENDE_RT1,270,2025-06-13T13:24:06,33.49
857.5,1.752249355335082,0.04349845868404222,23.76446765766479,0.1718910088796496,749.0086294451065,3.3205395344747415,1.1185674487966848,0.04349845868404222,0.0052767891006074265,0.00015931887419106734,0.0046916459190699915,0.00018244708121120705,RTBE-P-JAGUAR_045913_20250613_132104,OOSTENDE_RT1,270,2025-06-13T13:24:06,33.49
860.0,1.7284286164723353,0.05032219013342251,23.70513995781039,0.1839896771918248,752.1304453383174,3.403799533021534,1.0963286889833255,0.05032219013342251,0.005164426172376203,0.00015831815879574214,0.004579282990838768,0.00021019202694899205,RTBE-P-JAGUAR_045913_20250613_132104,OOSTENDE_RT1,270,2025-06-13T13:24:06,33.49
862.5,1.7075714660601446,0.04676666825110674,23.512982082708987,0.18263925358971644,749.7133096187043,3.3105515465493824,1.0805954475265012,0.046766668251106744,0.005113261698171992,0.00015855189342262578,0.004528118516634556,0.00019597067242313026,RTBE-P-JAGUAR_045913_20250613_132104,OOSTENDE_RT1,270,2025-06-13T13:24:06,33.49
865.0,1.6834804893267936,0.04353125871296366,23.26182516418064,0.1783143328822538,743.2354730166049,3.086210543891789,1.0632015951414007,0.04353125871296366,0.005079205214158624,0.00017684991027125136,0.004494062032621188,0.00018400290021021093,RTBE-P-JAGUAR_045913_20250613_132104,OOSTENDE_RT1,270,2025-06-13T13:24:06,33.49
867.5,1.6464816874329384,0.051124637876796386,23.04770163121732,0.19285763316161808,739.3654932908572,3.089101693702236,1.0319124186663655,0.051124637876796386,0.004969779066018759,0.00020669378645898329,0.004384635884481324,0.0002172305689521799,RTBE-P-JAGUAR_045913_20250613_132104,OOSTENDE_RT1,270,2025-06-13T13:24:06,33.49
870.0,1.6302309698395339,0.0496344374529969,22.969253132969502,0.17352731028506369,741.4607057774002,3.177876050599794,1.0177535381235887,0.04963443745299691,0.004897397376022008,0.000214095149725771,0.004312254194484572,0.00021030269419861964,RTBE-P-JAGUAR_045913_20250613_132104,OOSTENDE_RT1,270,2025-06-13T13:24:06,33.49
872.5,1.6182701405848723,0.04573376278284993,22.887151722415908,0.17967122020802237,742.7473492805924,3.179707034082124,1.00798195119148,0.04573376278284992,0.004848596556203019,0.0002056172005242743,0.0042634533746655845,0.0001934397387197431,RTBE-P-JAGUAR_045913_20250613_132104,OOSTENDE_RT1,270,2025-06-13T13:24:06,33.49
875.0,1.6024021236752601,0.041878044006017696,22.744074737316165,0.1821831176765666,741.82668657192,3.147896377399404,0.9959290963972507,0.04187804400601769,0.004802844686988178,0.0001875411532933331,0.004217701505450743,0.00017735106835262138,RTBE-P-JAGUAR_045913_20250613_132104,OOSTENDE_RT1,270,2025-06-13T13:24:06,33.49
877.5,1.5747303116417155,0.04009167129430272,22.49310471911296,0.14893799917069125,738.560467851556,3.27965316820121,0.9749494249960965,0.04009167129430273,0.004732256497931379,0.00016188929719843177,0.004147113316393946,0.00017053674748488355,RTBE-P-JAGUAR_045913_20250613_132104,OOSTENDE_RT1,270,2025-06-13T13:24:06,33.49
880.0,1.5228114770618992,0.053627154698574396,22.27820121196572,0.16987601248375417,734.3232761340952,3.3922141855718793,0.9287610139247121,0.05362715469857442,0.004558582228230085,0.00021072298193257726,0.00397343904669265,0.0002294284829440696,RTBE-P-JAGUAR_045913_20250613_132104,OOSTENDE_RT1,270,2025-06-13T13:24:06,33.49
882.5,1.4962726678968479,0.04871579261256429,22.013578678852642,0.15071356327266047,729.6490627030921,3.202168393644449,0.9092783910673745,0.048715792612564306,0.004500151723949018,0.00019247454760476445,0.003915008542411583,0.00020975176150909815,RTBE-P-JAGUAR_045913_20250613_132104,OOSTENDE_RT1,270,2025-06-13T13:24:06,33.49
885.0,1.4695587377494903,0.03781313250341652,21.656193440874677,0.13332058027024782,723.2101004561933,2.961763714995024,0.8920941740292231,0.03781313250341653,0.004460360772763847,0.00016001617805526733,0.0038752175912264123,0.000164258573279075,RTBE-P-JAGUAR_045913_20250613_132104,OOSTENDE_RT1,270,2025-06-13T13:24:06,33.49
887.5,1.4232257138489486,0.03174524280899552,21.146559234605494,0.14367400934340013,713.0968776862728,3.0324963045984084,0.8593505972022697,0.03174524280899552,0.004371065694321733,0.0001637654194831294,0.0037859225127842983,0.00013985564194131988,RTBE-P-JAGUAR_045913_20250613_132104,OOSTENDE_RT1,270,2025-06-13T13:24:06,33.49
890.0,1.3341925214215578,0.041700028613720734,20.153599940526266,0.1474073176979474,684.553994922663,3.1320538219948872,0.7967947636474307,0.041700028613720734,0.004241837312986308,0.00024408299530959222,0.0036566941314488733,0.000191372053218606,RTBE-P-JAGUAR_045913_20250613_132104,OOSTENDE_RT1,270,2025-06-13T13:24:06,33.49
892.5,1.2141965095692426,0.03917515025408267,18.655184620748354,0.16329939978258926,639.5669884494138,2.927916389394882,0.7167541461385257,0.03917515025408267,0.00410588393364853,0.00024896878450981206,0.0035207407521110953,0.00019243076403909284,RTBE-P-JAGUAR_045913_20250613_132104,OOSTENDE_RT1,270,2025-06-13T13:24:06,33.49
895.0,1.092619085579284,0.034519969965348646,16.96812391826524,0.15896872289667358,587.0727331241413,2.5863026864683625,0.6401623644863496,0.034519969965348646,0.0040108335055840764,0.00025617950222343964,0.003425690324046642,0.00018472614707920265,RTBE-P-JAGUAR_045913_20250613_132104,OOSTENDE_RT1,270,2025-06-13T13:24:06,33.49
897.5,0.9872596078263811,0.039303487309879405,15.359704336542267,0.1284082703499789,536.9062886838639,2.305565145117853,0.5776915557220478,0.039303487309879405,0.003965382127790232,0.00031535055400213713,0.0033802389462527973,0.00022997597457063962,RTBE-P-JAGUAR_045913_20250613_132104,OOSTENDE_RT1,270,2025-06-13T13:24:06,33.49
900.0,0.9227895867840867,0.033819548033986055,14.52767033504528,0.11214988409344039,517.6657354396506,2.0729990215351246,0.535407804533071,0.03381954803398603,0.0038344083158565814,0.0002561664757410734,0.003249265134319147,0.00020524295192352737,RTBE-P-JAGUAR_045913_20250613_132104,OOSTENDE_RT1,270,2025-06-13T13:24:06,33.49
902.5,0.8884350494053334,0.03310645123729529,14.174722860078463,0.0944616965226147,510.55943903630805,2.3993697379933407,0.5104646468690551,0.03310645123729529,0.003726152556563577,0.00023133558238585156,0.0031410093750261422,0.00020371180325219526,RTBE-P-JAGUAR_045913_20250613_132104,OOSTENDE_RT1,270,2025-06-13T13:24:06,33.49
905.0,0.8619184361147583,0.03496945138109748,13.842796628686012,0.08393807816719494,503.5415749050555,2.59273794944572,0.49279887973118286,0.03496945138109748,0.003659712228895,0.0002336673407658819,0.0030745690473575646,0.00021817418269710044,RTBE-P-JAGUAR_045913_20250613_132104,OOSTENDE_RT1,270,2025-06-13T13:24:06,33.49
907.5,0.8320910172629012,0.02929974973804915,13.374917679426511,0.0881041218988074,490.37785701335247,2.4824466754498467,0.47544749984922546,0.029299749738049132,0.0036310849004215526,0.00021064700395106057,0.003045941718884118,0.00018770806473541129,RTBE-P-JAGUAR_045913_20250613_132104,OOSTENDE_RT1,270,2025-06-13T13:24:06,33.49
910.0,0.7834749134147142,0.025699370094675923,12.694166720296147,0.08650181146831722,471.1659122374783,2.1309553704000197,0.4449836884013452,0.025699370094675926,0.0035521606378944083,0.00023915034747300307,0.0029670174563569737,0.0001713556736477699,RTBE-P-JAGUAR_045913_20250613_132104,OOSTENDE_RT1,270,2025-06-13T13:24:06,33.49
912.5,0.742329811906242,0.02972425471534629,12.346178569261165,0.0795745528030875,462.148447475743,2.1762386149293245,0.41311772573903627,0.02972425471534629,0.003393434801553317,0.00023189915983099478,0.002808291620015882,0.00020205953467379117,RTBE-P-JAGUAR_045913_20250613_132104,OOSTENDE_RT1,270,2025-06-13T13:24:06,33.49
915.0,0.726005891958156,0.03874580190151315,12.311309920689311,0.10082584531412253,464.4376867176361,2.124549555331372,0.39772358179198347,0.03874580190151315,0.0032754620735027276,0.0002667601285938771,0.002690318891965292,0.0002620879616197972,RTBE-P-JAGUAR_045913_20250613_132104,OOSTENDE_RT1,270,2025-06-13T13:24:06,33.49
917.5,0.7304139165551917,0.05150784230827219,12.520611012536898,0.12373647200446591,476.07879889723404,2.0946667743567002,0.3965505718447941,0.05150784230827219,0.003201937641131411,0.0003465249391511121,0.0026167944595939757,0.00033989469678707333,RTBE-P-JAGUAR_045913_20250613_132104,OOSTENDE_RT1,270,2025-06-13T13:24:06,33.49
920.0,0.7413934797334939,0.05823594928474686,12.841305140955706,0.08698473418659923,490.6740902661386,2.198760061172864,0.3989787940193958,0.058235949284746874,0.0031396470224669556,0.0003993262419705193,0.0025545038409295205,0.0003728618121012985,RTBE-P-JAGUAR_045913_20250613_132104,OOSTENDE_RT1,270,2025-06-13T13:24:06,33.49
922.5,0.7260551143408475,0.03670837832174524,12.621068419971067,0.10023412075903125,483.5645031187724,2.1043544400360834,0.3895130628154769,0.03670837832174524,0.0031157081190506435,0.0003048156381316583,0.002530564937513208,0.00023848477486873,RTBE-P-JAGUAR_045913_20250613_132104,OOSTENDE_RT1,270,2025-06-13T13:24:06,33.49
925.0,0.6598243686655051,0.044133789673540466,11.588648808973671,0.08118809199857108,448.4151712353665,1.997919947426851,0.3508118893093412,0.044133789673540466,0.0030429281204589196,0.0003758939017472603,0.0024577849389214846,0.00030920093321440336,RTBE-P-JAGUAR_045913_20250613_132104,OOSTENDE_RT1,270,2025-06-13T13:24:06,33.49
927.5,0.5626073028109932,0.056556023508895735,9.858971847357923,0.04881744918187378,387.64163017800325,1.8132654795376024,0.29971683260400944,0.05655602350889573,0.003014160413338841,0.0005067831477651561,0.002429017231801406,0.00045835115255864146,RTBE-P-JAGUAR_045913_20250613_132104,OOSTENDE_RT1,270,2025-06-13T13:24:06,33.49
930.0,0.46167885105068546,0.04332215643946099,7.623679479622841,0.050059812652494144,306.8013879070416,1.5961622770599013,0.2583926753585945,0.04332215643946099,0.003231039069381107,0.00047771655713107233,0.0026458958878436724,0.0004436113191545136,RTBE-P-JAGUAR_045913_20250613_132104,OOSTENDE_RT1,270,2025-06-13T13:24:06,33.49
932.5,0.34123627140389823,0.03649204944992054,5.750798524191526,0.094615244339409,241.45312509843347,1.550145812635174,0.18789065367647878,0.03649204944992054,0.003029824305575781,0.0005234472154337303,0.002444681124038346,0.000474805014097743,RTBE-P-JAGUAR_045913_20250613_132104,OOSTENDE_RT1,270,2025-06-13T13:24:06,33.49
935.0,0.2914338628347538,0.04174823495372057,4.796704244212405,0.07918230864188996,207.6668505475607,1.2885645696492005,0.16352926449240557,0.04174823495372056,0.003059020618507685,0.0006018281608846349,0.0024738774369702505,0.0006315690149156052,RTBE-P-JAGUAR_045913_20250613_132104,OOSTENDE_RT1,270,2025-06-13T13:24:06,33.49
937.5,0.28831614795744764,0.044681142690384666,4.4608708737270595,0.07802475649899988,198.18019270223422,1.0586009043090756,0.16936658002242816,0.04468114269038466,0.0032699765965575707,0.0006734392584188321,0.0026848334150201365,0.0007082945460700788,RTBE-P-JAGUAR_045913_20250613_132104,OOSTENDE_RT1,270,2025-06-13T13:24:06,33.49
940.0,0.3073659834543973,0.051403608773821864,4.4761998241432215,0.115633131426382,204.66041635255078,1.3486168099750377,0.18800766752363593,0.05140360877382188,0.0034711116440141088,0.0008662299224763625,0.0028859684624766746,0.0007890592747239367,RTBE-P-JAGUAR_045913_20250613_132104,OOSTENDE_RT1,270,2025-06-13T13:24:06,33.49
942.5,0.29237090710984304,0.042324070110839614,4.580615127697091,0.10928877088982547,210.99851259444324,1.3380160556462417,0.17022834666828732,0.042324070110839614,0.0031197019172842376,0.0006513642895005661,0.002534558735746803,0.000630170260895644,RTBE-P-JAGUAR_045913_20250613_132104,OOSTENDE_RT1,270,2025-06-13T13:24:06,33.49
945.0,0.30498327019878396,0.0695097262971859,4.624101548203114,0.11975424239675288,214.09641754545137,1.495896534789097,0.18168114000579305,0.06950972629718588,0.0032510828608730198,0.0010510144317619772,0.002665939679335585,0.0010199668354652295,RTBE-P-JAGUAR_045913_20250613_132104,OOSTENDE_RT1,270,2025-06-13T13:24:06,33.49
